mnnx.

1101000111, leicestre, 0010110101, 00, 100, 101
1003010, 1030001000, 212, 214
1010001100οα Episcopi, 8000011110, wlfridus,
10110, 212, 214
comita, 1101101100, 198, 81100010
monteforti, passim

11000079 ; 01101100, 48

Leonum 01110, 11010100010, 196

110310, 1111101110 10, 248

11101100, 101100, 12, 63, 64, 65, 70, 71, 72, 73,
16, 224

1100010110, 1101101011, 212, 214, 2111, 00100 Ar-
0010111000ρο1(ιο 0001, ih.

Liehereldem 01 coventrense· 01 0011100000
Episcopi 0 1)11010 011 110301001 110 11111001,
vide Ceutronum Episcopi

1100011110, 111001000101101110, 98, 100

1110001010, 0111100, 23, 84, 203, 213

1100010100000110100001 0 Remigio 01 Ricardum
1011101000010,213 ; 1101101100 111001, ib. 110-
11000011100010010, 171.110011011010 110ιί010001.

1110001010, 11100110, 001000, 000010 10, 1100110110
10 hei, 11001110 11001, 1114, 241

Linde, Lynde, ,10000000 (10 10, 011100, 80,106,
224, 225

1110110010 1110110010, 212

11010010100, 110113010οἀ 100000,1001110,220

110110101000000 Episcopi 011 011000 0101111111,
220, 221

111030, lvo 10, 110001, 120

11111000, 1101101100 10, 90, 91, 224

1110001, Dominus (1011111110 110, 38; Dominus 2 ⁴4. 34

Gwydo 10, ib.
1011011111, 1111000246

1011001000 1111110 Philippi 110310 11100010, 4, 202, ξ

203, 204
1011, 11011110, 121
1001100101001 civim. panim
’101110 3, ft 101.

2Μ

1001001010010000,3,17,18,40,41,90,91, 141,
107, 210, 2601 0000110 80000, 3 ς Pom
100110, 44, 46

-ἱ- &notus 11110, 0, 10101011,
61, 60, 73, 84, 02, 100183, 197, 202, 210,
218, 244, 249, 21101 crux 10 0110110110 800011
10011, 10, 86, 37, 42, 46, 49, 00, 00, 15³3
uymitm 8010110111, 261 3 000111110οι, 1116

Novum 10010Ιο01, 16, 00, 104, 1118

1100011010, 1110010100 sere-olym·
00110 1011100100, 1, 411 3 Pn‘or 01 1101110 1100-
0110110101000110111001, 830

110101 Abho„ 10 11000101001011010
1103010, 249

-—— 00010010 800010 ’1001101010 0103010,
10

— mutu· 800011 110111101αοἀ, 13,
Prior 01 00000101, 12, 17

-—-— 00010010 800011 11011101 10301, 13,

40160, 162, 166

---00010010 800010 110110 1011001100,
12⁸

—- 00010010 800011 m 10 1010, 1611

—— 00010010 800011 clemen& 1100011110,
197, 210

—— 80111030 00010110, 77

—— 1101000 100 1110100 1100001110, 251

--- 1100011010 8011011 1131111 00110 1100·
donin, 12, 20

— 1111111011, 10, et uq.

-—- Aah Episcopi 10010οΜ01, 01·

——- (10010, 21, 22
-— 10110, 21, 24, 40, 41, 44, 46
1103010, 44, 46

i -0011181011
, ·---1,11113010,44,46

-— 1000003010, 11003010, 7, 22, 24, 01,
· 00141

 

