mm.

881811111ιὶ1 8111111288
Δ111111811888111, conradus, 26, 28,

162

Conduit, 11111188 81, 248 ; 1111111 88, 250

0811118111,11111111“1111111181 181811118πί1, 188

(1811181111, 1111118111, 15.

Constantinopolis, 131, 238

88118111, 132

(1811111811081811111108111111111, 1181811811, 881-
1111111, 11881118181,1,222,118111η11181,11, 12,
102, 115, 228, 224, 258 , 8111111181,248

8811111511, comitatus, 100

cornubie (18111111, 111,,111118111, 128,1118118111,
inter Regi· 11111181111. 2, 1111118, 11151111,
1111111 88111111 (1181811111, prim 1118111111, 28 ,
81811111, 18811181 1118111111, 11,, 1181 Ale„
1118181111 11 Romanorum 1181

08111111118811111181, 1111 Pom 81 ‹im-tone,
245, 252

corp, 81118118, ponerer, 245

emin, 1111111111, 250

0811811111, 1118118, 811811, 248, 247

0811111, 8111111111 11, 248

Coton, Jon. poleter, 248

(1811811111ιωί8, 0811111111, william, 248, 250

(18111111, 1818111111, 1818111 81, 7, 228, 11111·
1188181, 42, 152, 188, 185, 224, 225, Jo-
1118111181, 1111811111, 121

(1811111111, 215

01111, Simon 81, 28

811811, 111 111118811δί11, 217

0118188111 11111111, 212

8118111181 Episcopi 111 2811118 18 1881111811,
217

cronio, 2111111811181,8111111111111 Regis, 187

emmanue, Sir John 81, 8811111111, 251

8111181111, 1118118111 81, nummus 1111111111 Civi-
11111, 21

Cumbe, 1811111111 81, 121

cumberland, 1811111181, 28, 100
casin, 2111111, 180, 182, 188, 171, 225

D.

1118111811, 248

1111111181, 1811 81, 242

1118118111,111 1131818, 18

111111,221

Derby, Doreby, 8811111111, 88, 28, 100

11111111, 1181181181 81, 120, 1111118181, 120

11111111,.18111111111, 115

11111118,1111111, 1183111181, 2, 222

1111818111, (1111118111 11, 287, 11113811, Jun-
1111111111 1113111, 45,47, 55, 58, 81, 82, 78, 75 3
sim nugo 11, 251, 258

11111111, 8111111111, 8

Devonochyn, 11111111, eonium, 28100

111111,11’11111111111181, vicecomes, 101

11881111811, 1811 81, 248

nummi», 221. Vide 0111111111

11811111111, 1181111111111, 211, 212, 218, 214

11811111, nomm, 8811111111, 28, 100

11811111, 11818511111, 118111, Dum, 4,12, 21,
88, 41, 44, 45, 51, 88,82,110,111,125,122,
201, 202, 242

—— 081111881111111 111111 81, 152

11118,11111,11831111111,1,2,222,2111111,1ἠ
8, 222, 1183111115, 178,228,244

1118113188, 1118111111 81, 121

11111111, 1118181181, 11115811, 1, 2, 222

11111188, 215

Dumana 28111811 1 81181118 18 111111111-
111111, 215

11111, winidum 81, Vitem«, 101

1118111111, nummum. 115, 221

1181111111111 2811881 18 11111118 Rom·
8181111181111, 220, 221, ffl- 8111·

 

