mnu.

701100, 001010, 221

7001070010, 100010,120, 187

70010, Rex 00, 181

70010100, 11030100 00, 1000110000, 10, 89, 40
Turoni, 199

Turry, 17100000 00, 1001111001οι, 100

Tyrum, 159

7.

70100010, willielmus 00, 88, 49, 07, 78, 74, 10ος
100000, 01οο 01110, 88

7000001ος vide 77000οο10

7000100, 1000011, 228 ; vide 11000100

70100 00 1110010010, 150

Urbanus 11. 7000, 180, 918

1110000017. Papo, 49

Vyel, 7101, 10000000, 10000, 000100, 4, 12, 18,
228 ; 0111030110, 0011010 0100, 12, 18, 14, 15 ;
10000000 111100 10000010, 0001000010, 8, 2281
17111101000, 18, 298

7010000, viterbium, 0101100, 188,184

17.

77ιο0100247

170110, 9000001000, 75, 80, 87 ; Ι4001000, 7100-
00000, 101

1701000011, 170Ιο0000, 1110000110 00, 49, 82, 224;
10000 00, 228 ; 010070100ιο

1701000101, 1100010110 00, 22, 84, 224

1701000000, 1100010010 (10, 1000110010, 100

1701010110, 17010000, 0010000, 77010001, 0001·
000 11οο01100, 00100100, 47, 54, 78, 80, 105,
111, 118, 50000000, clerium, 80, 224, 225,
210, 10000000, 8, 222

wallensis, 101701000110011000, 125, 152,101,
164, 171, 295, 220, 240, 941, 247

170111001110000107701110, 10, 11, 21, 29, 01, 70,
72, 74, 88, 98, 94, 102, 120, 155, 198, 200

275

7701110, 7701100000 nox. (1010000219111010-
0100, 110010 81100 10001101, 10 3 1000011000
filiun Griffini, 29, 74, 95, 90

17011000, 77001100, 0000γο 00, 950, 251

— ,40000 00, 29

77000, 10000000 (10 10, 89

7100000, 11100000 00, 9 ; Florentius (10, Adni-
001100 0001311 8030700010,184;1111000100,19.

710000οί0, 00000,1οο00000, 12, 07, 75, 74, 88,
151 3 111010, 00100 Regu 11000101 111. ox
00010 001010 000, uxor 0100, 12

71000000, 10 000010 00 John, 258

7700000111, 77000000, 0001110100, 88, 100, 101

——- 01110, 88 3 101101, 245

——- Wmeyek, 17000001, Gonu, (1001010
00, 1011000οι, 88 ; (100, 245, 251, 252

170000οἰ0, 70000010, 9, 19, 21, 98, 48, 88, 125,
120, 108, 105

17000, (1000111000 00, 148

1701101000, kind 00, 245, 240

170110, 214

1701100000 00010010, 212

wellen„ Episcopi 00 ,41001010 0100 010010οο 00
10000000, 214 ; 0100 nutantem 11000001

17003000, 11οο0100000, amifinius, 81

1700000000ηο, 0000101

1701000001οι11, 0000110 01 00010010, m:
011010 800011 11000001, waso, 00100 8000
Per, 250 ; 0000100100, 19

——— 70101100 Domini 1103ϋ, 92, 172,
178; 0000110 800011 suph-ni. 84, 85, 510 01·
00800081000001,8; mmmm,
71,109,117,198,178, 252; Pom ΔιῌΙ,
178 ; 000010 01 1000100000. 51

17000000010010, 1100100000 00, 14

1700100οΙ000, 0001101110 98, 100

17001 Saone, 211

7113300000, 70

1711101000 1. 1100 103110, 218, 210, 258

 

