88888888. 151

18888 88888 1888818,1111818 118] 88 11888888, 8 11818888 8 388881 88818, 8 81818 laudm
18 jour Soyu Per 18 (181888881188, 81888888818888888 88888 8188881181188818118888 8
818818818818 1181( 88 88888881, 8188 18888 88 01888888888, 18 088818 do 1188888,
88 8. 18881888 8811888888, 888881 18 8118 (18 1888888 18888 88 881888 181188 8 11888881188.
8188888888( 888 81888888 11888888 1188 (1·11831818888 88888118 8888888 888 18 moyn
l'eweoce 88 11’18881188,18188881 1888888888 88 0881888881, 8 38881 88818 (1·888 1888888 ;
8 18 8118888888 88 laudm 18 188888 8888818881, 88 18 088818 8118888881 8 18 818888 88
laudm, 88 18 Β81818818 8888881 18 11888 8888188 8 11.ι 888888 8 18 18118 88 iiij:
88888888 88888 88 81888888 (8888811888 8 18 1888888.

E. 188 18 883881.

118888888888818 1888 88888 811881888 818888888888818 088818 88 (1188881188 18
1111818 08881888 11881188188 81888888 88 1831188881888888 8811881888 88 18
888888881811881188888 888088818881881188888ς 8188888888181181888881888
88888 18 8888 18 088818 88 (1188881188 88 moyn 18 8 888881 188 888888 (18 1188

11888888.
1188888ηὰ888 188 18 (18888888 88 8888888888881 88 8888888 1’88 88 118811. 8838888114 ρ,

188 8888 8818888 8818 88 ’1888188 8888 88 (18888818, 8 1881 18 8818888 88 xii. 188888 88
1883 8 88 v. 88888 88 3888888 ; 8 181 mene 8 18 ’1888 88 laudm, 8 8 18 8888888 888 18
088818818 818188 (18 0888888118 8 188 18 Rey.

Ρ8811888881888 Domini 118318 88888881 1881811818 londonium-pud 1881888
188818818888

18 1888] 88888888 88888 18 Α888881188 888188 11888818 88888188 8888888181188
1188888 118 88 1181 [188888 quint, 88 18 8888888818 1188888818 88 0881888188 8 81888888
88881888 (18 18 18888, 0888188, 8 1188888. Α quei Ρ881888881 1188881 1888 1888 188
8888811111 8813888888 818 0888888188 8 Τ88888888, 818811888, 8 1188888 881 1888818888,
8881881188 88 tou, 188 08881888 818 818188 8 188 8188888888 88 1888888, 8881 1888
188 (88111888 3888 88 18 8118, 8 388888 8 8 8888818888 1888 188 8818188 88888888 88
1888881811 1881818881 81 888111 18 1188 8 888 888818. 1888881 8881888881 8888 888
88188818888, 8 8 88888818 8888888 88 888188 88138888 18 Ray· 18 8181888 888 1188888
8888888888 88 1888888 188881188 888818118818188 88881888 88818 11888118 88 88188-
888818188881188888888188 88 08881888881, 88 Ι 18 888811888 88181 Ρ881, 88 18 procum s0· 1⁴5 Γ·
8881888888 11888188, 8 18088818 88 [88888188 8 88 1118818 88818888888818888,
88 881888881, 8188 [188818 88 18188888, 088818 88 18888881, 8 18 088818 88 11888881, 8
18 088818 88 1188818881, 8188 11838 88 188, 088818 88 0888818881, 8 18088818 88 ,1888881
8 81888888 1188888 88 18 18888, 8881 8 8888818 18888] 88888888 888888118 88181
11188811888 888188 8813888818 118] 88881811. 818 818881] 88888888 8888818 88181
1118881 88881 18088818 88 (1188888188, 81888188 118888 88 Ρ8888, 8188 11838 1188888888,
8188 11888811811188888, 81881888 Τ1881881, 18 0888881888, 18 1888888888, 888188 8813-
noun 88 0888811 18 1181, 8 8888888188881 188 88888181188 8818188 88818 388881 8 18 8888
8818818 888188 88138888 18 11818888188 (8888188888 8 8188888888 888883 888 11888888 8
18 08888 88 188888118818 888881811 88 88181 Poel 88 88888888881881 18 888818. Ele
Lundy 88888818 8888881 18 jour 88181 1188888 181181 188881 188 8888881811 8818188 888188

 

