luntx.

9414, Heni-i 14, 948

9411414, Simond, 250

Bulonie, 04441144, 8144544444, 197; 1144154444,
197 ς matildis, uxor 44444, ib. '

9444444144), 1144440444, 79, 82

Bononia, Bologne, 57, 251

944440444444, 44414444 41 palatium, 27

94404444, 11414441, 245

94441, 467

Boro, ι’. e. Suwere, 204

Roseus Anus, 94440440044444114, 6

Bonnam, l‘em 04, 249

9414414414, Situ Jon, 14441444, 244, 252

94141444, ,14444 14, 044444, 245

944, lomus, 248 ; 5444414247, 11444440, 248 3
114441, 248

9444544, Dux 04, 442 ; 94454441, siro 144144,
4411414 04, 251

944444, willielmus, 10

9445444, 1141444104, 98

9444444, le (1444104, 254

9444444444 4441144, 239

9441, 11445440 44,120

944144, 944144, ,lohannes 14,.144141444144,(144·
deyu de 1444044498, 100, 247

Brinno, Colinun, carnifex, 12l

9444414, 94441444 04, 204

Britannia, 48], 182, 238

941144414044444203 ; 944143441404441404249

54544444 filiun (54441114, 43 ; 9441414,

uxor ujus, ib.

Brittones, 917

9414144114, 9414414444, 21, 253 ; 4441444444, 21, 197

Bul-m, willelmus, 202

Broc, 944144, 144444114404,.14441111441444, 99,147

Brund, 1444444, 3 ; 1144404, 11444440, 222

94444414, 1140411444 de, 242

Brun, 4141144444, 2 ; 14, 9411444, 222

9444444444, Dux de, 239

9444444443, 94444143, 404444, 42, 224
Brun, 94544144 04, 5441411444444, 100
- 1145440 04, 1141444444111410111111

9400414, 940444, ,14544444 04, 142, 225

94344, 1144404, 432

9414441, 94444444, Thomu, 4, 223 3 04044444, 5,
6, 7, 476, 223 5 8144544444, 1444444411444, 5, 6,
01, 79,121,223; Mattheus, 22, 29, 38, 36,
43, 223, 224 ς 44454414, 159

9414434544, 9414435444, eom. 98,104

Bungey, Bungeye, 114ςί4410444 04, 7, 8,24, 176 ;
Reyner 04, 223ς 9441444, uli· 4144, 24

9441444044, 9444044444, 412, 167, 468

944434, unbertus 04, 5444044144 14ου 5443114,
5, 6, ,14544444 04, unior, (144414541441444
’1444414163

9443444044, 57

Burgundio, Dux, 63

9441144, 1141144444, 40

9444444, 94544144, 153

944414, 1144144, 11494444 14, 6, 223

9441414414, h Butelerie, 116, 447, 251

94444414, (144444 0411444414049444444, 109,
111, 443 ; 41444444, 409

C.

0414441444 11. 9444, 180

mim, 945440 04, 249

cumeanus, 14 (35444454οῳ, willelnus, wu-
144444, 2, 222 3 (4444441444, (imru, 7, 223

0444444044, 444 semer, 9444014144, 9444441, 4,
223

0444444414, 57

Campus, 914440 04, 249

0441454443, 98, 100

044414541ςωί44, (1441454314, 044145οη4, euni·
441444, 90, 101 lis.

cutis, 0444444, counimus, 92, 130

 

