ism.

11.

111119911111,11111111111 de, 30; Simon de, 77, 70,
82, 224 ; willielmus 111, 100, 105

1111119111, 235

1111911111», 1111191911, 74,170

1111191919, 1111111111 111, 213, 247

111119, 111111111ῃά11 119 11, 3, 222

1111113191, 1111111111 119, 218

1111111119, Philippus de, 120

Hammo, nbbntin monachorum 111111, 01

11111119111111, 1111111111119, 1111911191Α191111-
111, 101, 102

11111191111, 138, 130

Hannone, Jon 119, 1111191, 243

111191119911, 1111111111111119, 240

finningen, 1111111111 119, 80

111111111111119111111, 3, 4,175, 2221 1110911111,
7, 223 ς 1111111111, 10, 20, 23, 24, 20, 30, 43,
170, 223

1111119111, 1111191111,152; 111191, 248; 311119,
1191191, 250

Ham-ilo, 1191111111119, 120

1111911111, 1111)·111, 111111911111 119, Thmui-arius
Domini Regin, 11111111 enimin, 1,12,14,10,
17, 222 ; ’11191111 111, 3, 222

1111111οηί1, 11911111, 135, 253

11911111, Simon de, 1119111191, 101

11911911, 11911911001111119, 135, 144

11911111, 1111111191, 1211 5111111191, 1911191111111,
111.

1111111111, 119111111119, 1111111111, 11111110, Jo-
11111111, 111111, 3, 222; 1111111111, 3, 4, 223

119111111111, 215

11911111111191 1111111111ιί nb Α191 111 Agelmnrum,
215, 210

11111111, wine-imm 119, 11101111111, 100

1111111111,.1111 119, 253

1191119119, 1111111111 1111111111 1111119, 123

267

1191119111.1111911191,170, 1021 09111111, uxor
ejiu, 170

1191111110. 1111911111,180,105, 107;111111111,

¹ 1111111111, 11.

1191119111 1. 1191 Anglie, 10,180, 105,100,107,

213

1191119111 11. 1191 113119, 180, 107, 108, 100,
253

1111111111, iunior, 1191 1111119, 0111111931 1191·
119111111111119111111, 108

1191111111 111. 4 ee uq. 180, 181, 200, 202, unq.

nereford, 11911111111, 1911111111,08,100,101 ς
civitas, 73, 74

lin-esoni, willam de, 248

Remini-deme· Episcopi 1 Ρ1111 nd 1911111911,
dictum 1311191911, 218, 21ος liugn Folio«,
21ος 1111111111 119 111111919111, iia, Potens
119 1111911111119, 22, 53 ς 1111111191 Brito, 122,
157

11111111119, Come«, 1111111111119 ssohun, 37,
151 ς 1111111] 119 ssohun, 0911119, 245, 247,
251, 252, 253

1191111111, 103

1191111111, 1111111191, 119111111111111, 1, 5, 223

1191191911, 1191191111, 1111111111, 08, 100,101 3
1111911111, 202

119111, ilem, Heres-5, walterus, 70, 102, 105,
110, 142, 14011119.

lieylhnm, 1111111111 de, 1199111191, 101

11111111, Thomu, 242

1111119119,1111119111111111911111119, 1201 Pam,
111,ροί1111191, 121

1111191, nimiu· 119, vicenum, 101

11111119, 1111111111 119,1’111991191, 101

1111111111, 84

Honorius Pnpt, 210

11911111, 1011119111 de, 7119991191, 101

11911, 1111111191, 1111, 143, 154, 105, 171, 225,

3 217

 

