INDEX.

ξ

0.

05150555, 8515515, Mem 05 1550555, 242 3
3151550 05, 243

05515, 555555 05, 133

0555, 123,131, 142,153, 199

00515515155, 0051505155, 0115511155, 0315515155,
Eylbritthus, Rex Woet 85555551, 180, 215

0051515555, 01051515555, Rex 0531555111, 217

00515555 1555555155, 183, et 555.

00511155, 0005155, 55555555, ‹ir-purius, (155-
petius, 32, 39, 79, 88, 39, 92, 95, 102, 115,
124, 127, 123, 152, 135, 224, 223, 248, 253

05115, willielmus 05, 105

015315, Coc 15, 120 ; 55555555, 1551555155, ὦ.

Agrippa, gener Augusti, 132

035155, 1151155155, 105 ,

0155515515, 0555155515, (15555505, 37, 107

01551555, 181

01055555, 01055555555, 55151, 1515155, 2,
222 ; Jacob, 5555055, 2, 4, 175, 222; Jo-
1155555, 242

01055555553515, 01055555553551, Simon 05, 2,
222

0155155515, 2, 25, 20, 28, 37, 133, 199, 200

-——— 115551555, 1155051555 05, 23, 33,
71, 72, 83, 92, 95, 109, 111, 113, 139, 159,
constantia, uxor ejus, 109

7050155555 05, 239

0155155515 151555515555. Vide 1155ῐί555, 855.
principes, 26, 161

015555555555 1155, 1115550115, 25, (1 555.

015555055 IV. 2555, 49
01155555, 1153155 053115, 7, 19, 20, 21, 28, 45,

49, 50, 51, 54, 51 aq.
Alpes, 217
05151551, 59
55513555, quidm, 5
05053505, 43
050535155515 (155155, 1151151055 Pham 197
0505155, 01555505515 11155505, 138
0535151151, Come 05, 20ος 1155115, nu· eju,
10.
0511551115, 180
(15055055 05, 2, 222
0315515315, 1), (155 5511) 242
03555515 5151155, 035153555551, 27, 28, 99, 152
0511115515, 48, 109
055515, princeps 05, 132
0555055, 35051155 05, 5555155155, 10, 223
0535515351, (11155 05, 252
0551551555, 555 0·, 1155555, 249
05555555, (1111155155 15, 121
AM» 1151155103 248
0555051, 0555051, 055515 05, 1155550, 251, 252,
258
Aule, 05551οζ 0215555, 555, 250
Am. ride &vy
Andeloyo, 5555555 05, 33
0535551055, 220
05355155, 1515555155, 182
0511555, 355555 05, 87
0550555, 111155 115315 11015501 1. 170
055355, Petrus, 224

 

