10 0111101.

8010111010. 'su 11110 1111100· william 110 11110110 11111 11011 1111 1111· gne
110· 0100011 01 St. 11011111 ο1 810101, 11 1000111110 11111111101111111 0111 d
1110 001111000110111100 1011000, 11 quoted 1101111011 111 hin suini· Mo·
0111101, 0. 11114, 001011, 1011 1111· 1111111101 1111111111 dt· 1011100 11111 111ς11 11
8011111100· 0111000011111111100101110000101110100111100. A! 1110 tiu 01
1111· 110100 by 1111111011110100000101, william 110 1110101011 01 tho mog
in Somvrwt 1110100000· 01 8100110, 01011110111101101101. 01 which 1111 1111·
0110011 wan 01 1110 111011001111110001 hi.- 1111111111· daughter 01 serlo 111 1101011
110· 101000 01 (11001 is wootton-Courtauy. in 110· 1010111111 01 (arbum
111· 111101 (1010111101 11 (orso, 111 111110, 1116,111111011011 10 Ala 110
1111100111101110110110011 11111 1110 111110 11111 comminui 1110 111101810101
10100 10 william 1111110010, his 1011111111 0100101110 him 10 1111 11111 111111
1010 hi- 10011 1111011 ; 1111101 1110 11101 11110 is 1 111101 11100110 1111000
10100111 0011 0111011 01 8101100101· 01 1111100 1111001111, 1111111100 1110111 11101
011101 000010, 0111100011101101110111 1001100 1110 1111011111111111 iu 0111011100.
Λ. 1011ιο 101110. 011101 11111 1100 10111 101 0110111011011 10111 1110·11111111,11
1101011111 110111 11111 101101 111001.

·· 1101 011011 110 81011· 111101· 01 uem-ico 1110111101101. 11101110101101111
101011 0101111111 111· stoka· 101·οο1· 11110 dilatione 11111111 01 00111101 0101101111 sui·
110. 111 01 1111010111. ficri 1001111111. ’1101100010 10101011110011111111·
11101010 111100 11001 001111 uiis?

111 10011101 111111 11010, 1111011 11 1111010111, 11111 11110, 1111101101 10
11001)- 1111 (nunt. 110 1011111111 111011· 01 hi· 11111110101001111011 1011111111
11010110 1110 0111101 01 ι11010 (010010111100100101 111111 1001110·
010101, 1110011 had 110011 1110 property 01 1111100 1111001011. 11111 1110111111
1101 10 1010111111111010111 1110 1101011111 1111111. The 0011 011110111010111
011101· u· 1110 1111 01 hi· 10100, 11111 01 11101110100011001011 1101111] 111110
110010 11 1110111010ου1 01 10000111 10101100110οη10011 1011111 11111 01101111
11111 011000, 100 01 1110 lima 01 111010, 00011 hi· 11110110, had 001 1101111
1010001101 hi· 1111100 the 19111 1111· 01 00101101 1011001000 Nomi. 10
1110 10100111 011000 11010 John 100011110 11101011011110111110011010001
hi· 1110111110, 1110110111 110 11101011. 11111 ,111101111111 1101101111111011111 1011
01010010111011010011 01 1101 1111101, 11111110 1111001111111000111 by 1111
101101100001101000110· 11011101 111101111010011111111011101 1111110
111. 11111011 1011 111101 mouth 11101101 1111101“111101110 1-

 

