mnu.

Μ100011000,01100001(10,00000100,0100010000,212

1110010100, 1101001100, 1110110οι1, aicardus (10,
1001010000, 07, 100

11100000, Alexander (10, 10

11100000,100

1110100, 10000000 10, vicecomes, 101

0100001ιί Albi, 201

1100000000, Rau: (10, 232

0100101001, Petrus (10, 37, 59, 02, 00, 75 ; Simon
de, junior, 02, 71, 10, 02, 03, 133 3 1100010000
(1012, 75 3 Gwydo (10, 133 ς1100001000 (10, 150

111001οο0, (1111οΙ0001 00, 00000000, 213

11000, nadulfus. 11001, (1010, 212, 210

1100100000, 11080000 (10, 311, 01, 70, 105 ς 110·

11000100, Ρο1000, 1 3 10000001

01010010001000101100 80010 1030100101

Δ0100100000010100, 98 ς 0010 1010001010

-- 100 (10, 200

Noe, 100

Norenses, 201

110010Ιο10, 1100110100, 0000110100, 01, 00, 00, 100

0000000010οο, 0000100010οο, 110ηο000100, Nor·
00001000, 000011010017,90, 100

0000000000, 11οο0001000, 000100οι01οἈ 10,
02, 00, 02, 01, 00, 00, 107 3 000(1100,10

---— 110100, &nivi 01 hominu (10, 10,
17, 10, 10

1100100000, 110το000100, 10000000 10, 20, 13,

221, 212

1000111010, 110

110011010Ιο10,ωο00, 11030000 111301, 1100000000
103110, 37, 30, 12, 03

11οὴ000000ηά, vonimus, 00, 100

Nonum, 1100001010 (10, vicmo. 101

1100000000, 113, 11ος 00010010 0010000010,

tuda 00000100, 70

1100100 (111010οΙ Eglise) 1100001 (10, 210

1101010000, walterus (10, 121

11100010000000, (10 310010 Caninio, willielmus (10,
21, 73, 711 ; Paulint, uxor ejus, 21 ; 11001000
(10, 30

1100000, Stephanus (10, camerarius, 212

munierat, 1100001000 (10, 157 110, 110 3 0000110 00.

1100001000, 1100000100, 110οο0100 (10, 50, 221 110000000οα Episcopi 00 1100000010 00 1100000000,

munaum-1. 222 210

’ 000,οω,ωωεωω,00,000

Novo 11000010, 00000 (10, 70

11000101100000, 20

1100100011, 171

110100, ungo, 0000000000, 212

110000, 111000101ηοοα 10, 22, 33,13,221

Ι 0.
δ’ Ι 001000ου0, ottobonus, 1110000000 0001100110

j 000011 ,1001001100μο 110000 01 0000101100
¹ 00, (0, 00, 00, 01, 00. 101, 000, 000. m,
210, 210

00110000 00010001, 202
1100001101. 250 0110 Rex 1100000000, 211, 210
000000, 11000000, Comes (10, 10000000. 132 001001011οω ,1031000000 11000001 0 0000101101100
1100110, 110010 de, 75;1’01000 (10, 110000001100 01 1103000000, 210, 210

00000011(·,;10,11; 1101000100 (10, 70 1 0010010110οι Saxonum neg-,1⁸⁰
1

1100001ἰο 102

Nuntio, 1100, 1000001000, 132
11000000, 11ος (10, bouis, 210
Nero, imperator, 253

 

