1111111111. 247

E. l'tn 11.

1188111188, 1118811 (3881811111, 1111181, 81118811 18 1188811818, laver. 081 181 81
8818118 181118, 088118 18 v (1811188 188818, 18 conte 18 118181811 1181181 18181118, 8
1111818 8111111818 1168, 8 118118, par jugement 8111188188 81181818.

1181181811111 118 18 181811 18 181811 condat 18188 1¹¹. iiiia 1818181818118·
unire.
11811 18 38181 18 1818 18 Τ8ωἰε8 1818 ¹¹¹. 1111. par 118118 181818.
11811181111818 (1188818 desire 818 1111188818 1111118188 nd. 8118 (11811181
1111111.

Fet 8 181181111181 que 18 1181811111 1818818 xxxij greynn 18 sument, milewoim par
11111118 81 11 (1111118111 (181 unce 181111 811. 3181118 18 11111118 818 1811111188
18111 ccclxx gmyns 81 11 1188 81111· 18111 vi‘ 8 xl greym, c'oet 8 81181 18 1188 18 u
osterlingu3 811 qum-ternu 1811 livre 18111 M.ix‘xx 1118118 pu· 11111881818111
livre 18111 iiiflviii‘xl greyna 8111118 18 xx¹. (1888181113 18811 vii-vi=.iiii¹¹ greym
par 11111118 par xii 11888. 81818181811111188 (18811811 ptr 1111118 8 11118811
11181181818111811111818118811. Ele 181818 iiij 11118818811811181 1111118 8
111=.vii<. 8 xx 11811811 1811 18 Ρ8181. E 18181818 viii 111188 (18811811 ptr 1111118
8 lx·.iiij‘. 8 xl grvynn par 11111118, qe 18111 18 (18181. E 18 181818 mii 11118818
811811 a ce·.exlv·.vii‘.1x gmynn 1181 11111118 (18 1811 18 18111 8188811181. 11181818
18 lxiiii 11118818111811 par 11111118 8 ceoe·.iiij¹¹.1i·.v‘. 8 xx 318118181811118111181
18 surmont 18 11181818 8818118111. E 18 peis 18 ccclxvi 111188 (18 8118111 ptr 1811118
8 111“.88111’1·.81ὶὶ1’“ 118118 18 11111811 (18 18111 18 1811118181. Et 18181818
v‘. 8 xii 111188 188181ἰί138 qo 8118111811 ptr 1111118 18 318118 18 surmont 3
iiiss.doecc¹¹.uxii·. 8811 (18 1811 18 1188118 118 (1181181181 1118188818.

Comxcmox 81 1111 Lm 81 1111818 81 1181188, summum 18 m 118181 81 so. ⁵7 ¹⁰.
118888811818 11 111 0118818811.

Gregorio 18 1188818, 811 118118 18 11811188, 181811 8811 Simon 8811 1118.

118111 18 1181818 811 11811818 11811188,

(1183811 18 1181818 811 118118 1811811188.

(1811811 18 11811188,.18118 1118181.

(1811811181811188, 1181118 8811811.

(1811811 18 1811188181 18 818181.

Ι 1181111 18 1181818 811 118118 18 11811188, 18 jour 8811 8111811 8811 11118. jo. 67 θ’.

Ellis 1188881, 811 118118 18 1811188, 18 jour 81811 18118,

11888111 1 18 8811818818 18 18 ’1811 pu ij 818 1118111.

Item Jon 18 mount 811 118118 18 11811188, 181811811811118118811888118 88118
181181 18 8188811811, 18 88188181811818 18 Τ811, pu 18118111 1181811881 8 18 1818118
pone 18 18 ’1811 18 1811188.

11811 Jon 18 1118111 8111 118118 18 11811188, 18 jour 8811 Simon 8811 J 118 8 pm·
88118 8 881118 18 (1818118, 1111181811 18 1181, 81 18 01811118 1818888888 18 88818111.

 

