mm.

Rakoule, Booele, Gregorius 64, 77,115, 125,
164, 165, 171, 224, 225, 2471 1146446 64,
248, 253

1141114434, 1114446 64, 243

1144114, 144, 154, 153170, 182, 211, 263

11444444 84414414, 201

11444441, 183

Romanorum Rex, 1114446144, 26, 41,44,45,46,40,
50, 64, 61, 63, 64, 110, 101, 201 ; 8444614,
uxor ejus, 11431114, 26, 41, 50; 11441414, uxor
4144, 11431444,110, 111

11444444, 141444, 61414 64 14446444, 245, 248

1144441, Ellis, 114144 64 1444644, 247, 248, 240

- 144144 11431441644, 143

1114614344, (1411416444 64, 121

114444464, 202

1114, 4111464, 202

8.

8431444, 8144464444 (14, 2371 John: 64, 252
8414464414, 132, 212
11144144 64, 11464414413244164 84444-

644144444 Episcopi

Snll'ffberi, 1146444 64, 344444, 243

84141446444, 05, 06

8414441414, 8414146444, 4444114144, 08, 101

8444141141444, 84141 11414444, 31146441, nichel
64, 6, 223

844411 144414, 4446144, 48

8444144 11164444, 41114, 107

844414 616444, 84141 446444, 1144441444, 114441
64, 3, 222

8444144 Amenda, 1644444446, ΤΜ4441414
1041114 Episcopus, 1414444, 123, 104

8444144 84141144, villo, 4⁸; 4446144, 125, 171,
207

8444144 cuthbertus, 221

cu D· 600.

273

844414 Damno, 11431444 (1464141644 (14, Cu·
144 11441444444144 undamn, 106

8444144 Ε64444644, 16, 116, 117, 180, 205, 206,
2104 64411144 444 14 4664114 114414444414411,
117, 124, 141

sanetus Erbennldun, 107

844414 11444144, willielmus 64, 38

8444144 144144, 253

8444144 1141444253

8446434414, Jon de, Meyr 64 14446444, 242, 246

84464444, 8444414, 8446444, 2, 200

—- 1144164, (1446444 64 laudm, 247

84444444, 1146411441144444444, 101

Saraceni, 15,17, 126, 132, 143, 156,100

84444644144444 8411444441 46 1144444444 46 Wol-
terum, 211;111641141 11411441, 2601 11111141·
4444 614144 64 11444411, 2124 0741144444 64 14
1114141231 Simon, 14144441 14 Arm-k· 64
(14441446441, 231

844144, 114464, 246

84444444, neuneu· 121

84444, 444114 64, 240

84444144, 75

844444, 141444 64, 37, 67, 60, 66

8444444180

8414414, 180

8444414, Dux, 1144441444, 1061146166, m
1144 0·

84446464446, 444141, 245

846144644414, 212, 213

8461446444144444 1111444441 46 malm 46 ΔΙ.
waldum, 212

8464464444, 1ae 6664 64, 06

84446444, 200

844414, 8444614, 8414446,10,83,102,150

844411, 220

844114 Rex, Alexander 111. 18, 23, 451 ffir-

344414, uxor eju, 18, 45

, 8441144444 1144,1)4416,100

24

 

